num_stars 500
0.5459998422857402 0.8253554820621555 0.14377934640932896 0.25563752379639615
0.6176807923621158 -0.2993111528520347 0.7272436129147473 0.3393265664471533
0.12480741051075221 0.5135940544212477 -0.8489076849367927 0.33035818660150285
-0.21314939209270037 -0.42948072819463656 0.8775611891827926 0.06920894477576889
-0.12427458890648291 -0.4615034707826147 -0.8783907860444149 0.11666369322498382
0.6622245088677692 -0.22071403561919564 0.71606145988702 0.37363606219025236
-0.29797941933326255 -0.575622459541691 -0.7614900194519859 0.0075945045497838315
0.4128967463446593 0.6027194417584875 0.6828217566717767 0.7213768004056529
0.9660432784968996 0.2520151916694218 -0.056997607307556424 0.9472201500130609
0.1559812549197005 -0.9631319846150774 0.21919541127746625 0.8737698752613037
0.7305956919783345 0.07619555955187816 0.6785456296869613 0.2770854208367023
0.36459148948185793 0.2253992707900797 -0.9034756302882223 0.9448778143115073
0.6820852484323899 0.5646335320295579 -0.46470279575095197 0.7783420185601707
-0.23162640383806818 -0.7213607545882346 0.6526774630588505 0.7085380223187262
-0.6032706262165064 -0.08977989278754542 -0.7924671112389468 0.8871848135295698
-0.43411003644888907 0.8772587760499423 -0.20485486593610958 0.5783896696766663
-0.32977731713332736 -0.6622434183216407 -0.672815410044994 0.17443144805935196
-0.24074756244893 -0.9691267628634602 -0.053234656725569963 0.241055307538092
-0.6896801509367054 -0.3365856643887411 -0.6411328878882386 0.46108277272471787
0.15719910520649313 0.10445930384051659 -0.982026830164753 0.14527520277928874
-0.9986234205424305 0.013198569546625002 -0.05076476835423323 0.33831443146610163
-0.22022328388614826 -0.914784833955728 -0.33863020065994154 0.576347251541579
0.8654149522978739 -0.058100452388529615 0.4976758963135716 0.05147479147983891
0.9811531371744776 0.0503904156265838 0.18654577836461708 0.786907526353969
0.7712629537267487 -0.5031648619503949 -0.3898442995698811 0.9520930354015088
0.43999794243030294 0.8977603151011176 -0.020693653293752123 0.7586418525870937
0.6684867130116029 0.3265620013815764 0.6681936648761361 0.6713259982606498
-0.3530063120255535 -0.529114145643415 0.7716377158681116 0.7212920714507136
-0.29378148525328257 -0.030648001178652167 0.9553811485193376 0.7659288053329283
0.6759559238698659 0.6085546614713245 -0.41562580885546285 0.5208784429683979
0.49560396657151523 0.5800801393220852 0.6464392781094375 0.27507569900685525
-0.49698378116006753 0.4742380013305242 -0.7267086344318965 0.10402956592565804
0.03329073714249707 0.9989593639477841 -0.031175567381332425 0.5249049023481623
-0.11529437258412725 -0.9190883195921936 0.37680746866222037 0.9026561464458409
0.9466379251264669 -0.08564240171893191 -0.3107121139255289 0.8637078745173498
-0.4471170259545949 -0.6881678082289318 0.5714117891843906 0.3705288803980522
-0.4185943231693794 -0.3494529387739048 -0.8382490299383895 0.9596026172770893
0.0995975333668949 0.9707956303203563 -0.21825713160887183 0.592473995669518
0.16798216243460876 -0.9097116672350124 0.37974554059302235 0.12290049327773944
0.8128054667443432 0.18350045053249536 0.5528787008783044 0.8087616816995477
-0.6452143284842153 -0.7556589389768563 0.11259679508331741 0.8025089347849742
-0.8284754459707108 0.28110547845477235 -0.48436364996389375 0.48892219044187823
-0.17073623545775252 -0.5237823990456786 0.8345664361521307 0.5752744232857232
-0.37359953571767335 -0.7573249279738649 0.5356139844896874 0.8681846813484173
-0.7155636899897148 -0.6571149747128046 0.23699897800727715 0.2386436764526063
0.7318754446061446 0.6312181694461149 0.2567527139947189 0.021314336919927457
0.8388407614439468 -0.5437558975341066 0.025994246229076878 0.2508756737157727
-0.3558537561025133 -0.9343332428599794 0.019735641729816067 0.3148991267002563
0.875902347792178 0.02019130437278293 0.4820657510753859 0.7313548969721461
-0.2980197433318231 -0.9086985679877875 -0.29232027832734875 0.6357086918846413
-0.04150758716104683 0.4913106511551464 -0.8699948070359813 0.6198432472502158
-0.5621777535174028 -0.10870873624418254 0.8198405845738054 0.7419993436511254
0.08186271275884872 0.8109204266745368 -0.5794018966673733 0.26687424832405915
-0.7916460615271818 0.2581635050533379 0.5537581763974928 0.8578046547007036
-0.7506677159524042 0.31678836603363514 0.5797785019923902 0.12679571742032336
0.690145646029398 0.3687417476857471 0.622678497123777 0.20599480914997415
0.08584614142943202 -0.9858362699751613 -0.14407390049255633 0.6701561686596745
0.019272141653680703 -0.059692890601816366 0.9980307326769452 0.8986907670260335
-0.38263006806691535 -0.8944904672839445 -0.2312596699583787 0.012151485849955734
-0.3686270738086242 0.8486367659267816 -0.3793807058518185 0.24958893343415844
0.9350347446511417 0.3004736189652864 -0.18821697745176466 0.871011900494336
0.7930384544435314 0.36039538689356926 0.49112643471885054 0.5875101125240677
-0.9885288840095673 -0.08579404407686568 -0.124298139486222 0.5198338512063512
0.3886174597404947 -0.5128840121783633 0.7654583333119246 0.8797569380011354
-0.41025174645824053 0.726611979094917 0.5511157195759627 0.18072257566076733
0.7703989800068364 0.3901343896148657 0.5042624015770584 0.1053713310886446
0.444027646130269 0.2060297429028098 -0.8720041252834844 0.9701611811874524
0.49143600584292957 0.8415342872004813 -0.22430045837475668 0.9140907613033631
0.666798358644541 -0.43279141177200214 0.6066890000695113 0.920782190250515
-0.17893863301701626 -0.3350884524661996 0.9250387530464922 0.03731213688147028
-0.6646849037575663 0.7039064393870016 0.2504190553977639 0.662722983135951
-0.5316104857416282 0.26754525816911995 -0.8036229378761964 0.5176634045365173
-0.5302344804523369 -0.5329504480703563 -0.659405198372781 0.38346724991603465
0.5190528325209802 -0.5632663921026407 0.6428958924893061 0.9531666616457044
0.38065818732513623 0.5287918565459027 -0.7586030034695875 0.37698098840439
-0.8781710017043728 -0.04120566107945933 0.4765687623633582 0.5230981561366962
-0.812438553221071 0.5800187604647383 0.05934504822646575 0.3403929515105302
0.7148526989814514 0.6804581955619576 0.16112809454436922 0.05453407103500996
0.30184017891934284 -0.047192061526698345 -0.9521898002598008 0.512808831266466
0.5453769854117168 -0.1484834532580739 0.8249343051975627 0.13326282757473806
-0.8889809393318304 -0.04372233915333576 0.4558522200929344 0.18041915844751732
0.7682857642987111 0.5260301347032128 -0.36473179428186 0.3709943225849821
0.1177693716291662 -0.8611141520235313 0.4945834533128521 0.7167530975617418
-0.7586127255570542 0.023118455749941553 0.6511315302046397 0.21078863674542814
0.780465681194085 0.2976880388034683 0.5497773658778592 0.5977097617617292
0.23706473849795917 -0.2805713969197977 -0.9300967696919324 0.5444633090900352
0.4965116693848958 -0.7846754232141668 -0.37116120805964065 0.5285491622086033
-0.21821041517964196 0.36586828450266956 -0.9047235009118542 0.4072892680656479
-0.33783952009546336 0.8719159635615701 -0.3544390090666742 0.18978335595720675
0.8925939115100047 0.45002786907182435 -0.027404857123200208 0.2451072208769962
-0.7313016604180573 0.5096582055832183 0.4532619495959111 0.41300375850216
0.38831161150216426 0.2805479540974428 0.8777852458456632 0.84368827952193
0.6140271372214459 -0.23444807459714895 -0.7536609151822359 0.9211295139729488
0.5906207625985845 -0.43373527556958713 -0.6804710320903021 0.30178197926293304
-0.7091344777225963 0.6544827797389583 0.26226052606190425 0.488886076930798
-0.2759279409233078 0.3739895180404954 -0.8854352668680312 0.02523639603798622
0.9980510927418382 0.05019375031497987 0.03707564842507748 0.7292249231485649
0.6494230461541189 0.6081444766749498 -0.45651944385059495 0.8200443579477035
-0.3130517118162667 -0.6967829062047226 0.6453620746137829 0.36587830228833673
0.8922530195303469 0.35400946217140333 0.28028886854831053 0.7637625300964344
-0.8109000864329295 -0.5018941262024651 -0.3009041972231883 0.8696430906928447
0.752508910124018 -0.11650000373877718 -0.6481960269184217 0.0670359208826351
-0.3549061962141511 0.24447155882589436 -0.9023720124283773 0.18889726725826284
0.5452451176226114 -0.6360995411906887 -0.5459717349879022 0.9204507995847646
0.6535202640889314 0.5684208520601951 -0.4998089628731113 0.2978277195030744
0.46487407757836346 0.530041585976837 -0.709188274812003 0.6474378935114947
0.18885976370802254 0.39647819628061964 -0.8984080529059256 0.1910813990602105
-0.5308677997561585 -0.5377761767956745 -0.6549627186741873 0.8104550862158918
0.7263598880297365 0.5325052416570734 -0.43455664840060915 0.623703151258557
0.08263918295571807 0.9598344444534599 -0.26812050402967935 0.2543916560534759
0.42515321317347865 -0.39034890052246457 -0.8166226063422257 0.7253858355408649
0.530600101416722 0.5594242691741017 0.636795115744135 0.21457913956315477
-0.22205927993439226 -0.5141863023521352 0.8284335354561992 0.9603341013516553
0.24267649064178368 0.22679387690023659 0.9432246064911307 0.23651458529778024
0.037435752960777814 0.19952854357865799 -0.9791766565322313 0.33557815503996846
-0.29250870920650934 -0.7211653765035515 -0.6279802184550345 0.6981534540750867
-0.7291311751453096 -0.4380360240205578 -0.5258252286563297 0.4777394029410903
0.5152242122927644 0.4874849170862826 0.7049130915798633 0.0508014890573939
0.5332625509554516 -0.6303895014084827 -0.5641277588121764 0.7119707385271311
-0.31462359096590836 0.7297014460832335 -0.6070813747692764 0.7711280210706676
-0.7413333722388937 -0.5713888754611122 -0.3520505421160369 0.09122218107218383
-0.10621093933991156 0.06408347161223006 0.9922764458711384 0.6989071041685748
-0.15192699704134432 -0.8692177623371942 0.47050894700050117 0.4659448546289069
-0.03414476130538741 -0.8962964736187077 -0.4421388544949058 0.33713808220153585
-0.8593314525578503 0.42840129494552803 -0.27932379979838784 0.0826395837050482
0.09786671129935236 0.5628419720665992 -0.8207502795001843 0.38554915255120936
0.7073368699862103 0.2537027269940148 0.659779871376743 0.7179517753685074
-0.11335736271446188 0.7151810431130027 0.6896855688574465 0.27823821173157726
-0.9806513354663847 0.19311799149026115 0.03206867023690604 0.23522949123862547
-0.2741887965193632 0.7017841037319066 0.6575101334675137 0.42342082984513174
-0.18934475181203833 -0.7137270476392719 0.6743458062666112 0.6005243405019639
0.7838834779247376 0.6071030497888852 -0.13020207361502337 0.2673800349539527
0.687076704559637 0.3273324978863416 0.6486748321608891 0.8141854955341293
-0.39239664458088863 0.8934355100649538 0.21862722309135108 0.4470261361501334
0.8831481463633838 -0.46883915805043325 0.015465944959171403 0.25392803128856856
-0.7353348046016072 -0.5636654545266647 -0.3762498910495054 0.29997242507955735
-0.6496370051732109 0.021536053868659998 0.7599394448858063 0.11129340196605675
0.7597445234414022 0.5736679250500029 0.3060937288962667 0.5806250950460051
-0.11061733366555174 0.26331221080549344 0.9583477892359575 0.3737402417521054
-0.5045011928986065 0.4578417923828373 -0.7320242069163793 0.19697262233994384
-0.7756315802586664 0.3565562333673342 -0.5208294386383543 0.053675073844374754
0.9418656863715812 -0.18170248732654298 -0.2826185325401323 0.35443957871467646
-0.3723072835937486 0.8835422906172186 -0.2841483895325165 0.5643666918486244
0.8059085436147202 -0.5238995829564056 -0.2757546850135187 0.3936699433087987
-0.14926227738265108 0.6861894296230925 0.7119444073971503 0.41625765894836386
0.7313482894594467 -0.6470851420852044 0.21543095970011367 0.7611653947269555
0.6142250281213832 -0.6564713046004195 0.43791898915839356 0.4615301259262763
-0.9056551201232392 -0.4230628258025582 -0.028401563663210234 0.7709194224610649
-0.1852215556712959 -0.4734581503007433 0.8611215682053864 0.6890379127877204
0.33836396479888103 -0.6818913449313802 0.6484859451316237 0.5764193157186177
-0.058429126426758085 -0.4841703669188286 -0.8730206715666547 0.09822796722955751
-0.4998538624579255 -0.47435468204388986 0.7246611289485131 0.2194080996091795
-0.0033247102180681224 -0.75374395394349 -0.6571597965454065 0.832492687726133
-0.667362282597815 0.7420279017292031 -0.0634206340333358 0.35876745937938226
-0.23659610507988493 0.32639442873590097 -0.9151442290432656 0.11896766150521387
0.6384230123409215 -0.44595396499243456 0.6273285569947141 0.7937066693921642
0.27935170736925474 -0.7276901979251337 0.626442016018691 0.8853750148732801
0.5900834846269011 0.6430998884109344 0.48808197538571074 0.4718676052174767
0.4813157028661765 0.8208379267394449 0.3075065726135432 0.09038197534341974
-0.3952264947908799 0.7499649113229198 0.5304230854701932 0.006247502088321033
-0.2377997877148433 0.9507852075158952 0.19864226673024887 0.843276894373684
-0.5634424474425231 0.3139639310166253 -0.7641722701332254 0.8936782802796204
-0.6323094904280132 -0.1384223142879279 0.7622492841727306 0.6751966483685499
0.3246176576167658 -0.5966301025458159 -0.7339318068455496 0.13330306761364052
0.53276261686426 0.756080275324772 -0.3801402521922174 0.6272531005992884
0.19710480861612495 -0.07705724290646711 0.9773494133297744 0.20446013961870213
-0.005509058542893292 0.33362635578730515 -0.9426892939871829 0.26775351975267614
-0.7445164820933668 0.3055399140274734 0.5935828238985706 0.5990360071621824
-0.08278061639799139 0.6771875778502716 -0.7311390797611976 0.4717041018186495
0.555631610903975 0.8267110653021478 -0.08844392274905948 0.8940352098253898
-0.31173036591644476 -0.7075609784814566 0.6341779251093208 0.858128096483135
0.6083658464692869 -0.09088369236019234 -0.7884358891582028 0.24364339792648093
-0.5600145529775342 -0.7087016196807068 -0.4290987237400219 0.18478212933192395
-0.40363786736768026 0.5759795546622543 -0.7108614665586693 0.3438524793509712
-0.12215627918907263 0.07615373062371462 0.9895849901684909 0.8904167984675057
-0.8151778044329105 0.5756538441895007 -0.06409211207153083 0.6728454047740173
-0.5328193112323607 -0.29499160487603715 -0.7931478642917301 0.5702448518370876
0.538729491858391 -0.12402349952674788 0.8332998896958634 0.40652493713903726
0.8443082859781298 -0.5353872715626371 0.022449669872573765 0.6298773327633043
-0.7171747209377792 0.696365509959463 0.027120032940900818 0.299523638120595
0.63324207752898 -0.18607554793270292 0.7512525285869763 0.11743819157780278
-0.7315334274857266 -0.3692497665586164 -0.5731609323457002 0.14531646138314402
-0.6536730426195235 0.6873678901578856 -0.3166021745541736 0.6574314188899528
0.5542512146441143 -0.4952180944979585 0.6690027129596225 0.5005710338210032
0.7167598793980413 -0.5485798525784996 -0.43048277622949876 0.7116049930562589
0.6378712243453921 0.22031654978117057 -0.7379572609878104 0.9829120670516973
0.4240431502644104 0.6993744275624928 0.5753805842965769 0.2717059952000588
-0.6776993518374427 -0.3055708290243958 0.6688423259397192 0.17764607474662086
0.5115021136552883 0.0652408890355581 0.8568017355981619 0.6807529300329632
-0.6144346358089523 0.5181235027718668 0.594994213580041 0.45776550357169854
0.17606596815827416 -0.272075070832667 0.946031675308966 0.8996695157183365
-0.031491843967451624 -0.6993765916452716 0.7140592740257442 0.25005320211311366
-0.08388560405791842 0.8020822187723549 0.5912929221300173 0.2736986317489102
-0.5023224141494455 -0.4557002813749977 0.7348533498582019 0.5172155845883872
0.9125091265835915 0.21645868307890453 -0.34709182131159116 0.11585320538124722
-0.7774572781019709 0.10877480068248233 0.6194580078284248 0.9752719092634985
0.5827593104376398 -0.5723563495935471 0.5768880265512499 0.6146421721578267
-0.6093126445178468 -0.5615595371586514 0.5598115642399942 0.29916472959369833
-0.7307438775667788 0.25801994304516934 -0.6320119416511337 0.12350264113382958
0.6210549365360717 0.37911738684824026 -0.6859743237130218 0.8676258677922092
0.33908239774932425 0.2634057171857458 0.9031282055668685 0.7320714260867791
0.9857330795224 -0.09500534450691017 0.13893984471852974 0.09173135187479842
-0.6613543781246122 -0.5219084024775568 -0.5387225686368933 0.009051344452568277
-0.610954848738166 -0.7126653446157399 0.34473508580800605 0.9421688257710562
0.24234238506653288 -0.9455995632640327 0.21705214662641492 0.14071769054546746
-0.4361147714413338 -0.20746255562771934 0.8756501551093843 0.4241485479549162
0.5308589830687036 -0.5738482215216797 -0.6236080169077903 0.2720069056029173
0.6949883976508996 -0.3998509378469844 -0.597587110498145 0.30454186068575495
-0.12333561443644663 -0.9804340722520379 -0.15341889120597274 0.24992235266471208
0.21681421592239106 0.9365127467492413 -0.27556391445570344 0.7165835750895946
0.06804584682469743 -0.9269229615576305 -0.3690306031579783 0.9112746303388191
-0.9514250038603049 0.30757324375659373 -0.01375360877972128 0.028703689053816372
0.7813581776888819 -0.612351246181583 -0.12043815615730726 0.819495725176065
0.1810280050126345 -0.878317862058407 -0.44247778994012193 0.1423638448958292
0.8951491307803553 -0.30754242892415984 0.32268512217733647 0.8667616740270209
0.7081261391680109 -0.22672208970869445 0.6686960932031302 0.46739167129692816
0.3321603639436492 0.18854591042069646 0.9241860918064355 0.11139343801535284
-0.36043971398316127 -0.9119439808548718 -0.19606475554343278 0.12503478414312585
-0.5174789781250061 -0.24671760284558586 0.8193570233084153 0.6668205434774507
-0.25958709439789623 0.279291935874005 -0.9244514887098232 0.21303337570970327
-0.33949855659216405 0.2835837356604239 -0.8968394476943551 0.4195486429685278
0.8851449433104164 0.21271125152315132 -0.413850640699582 0.10603716297278576
0.3296862812688101 -0.7705931888777389 0.5454292742403734 0.19128618821098786
-0.22485779544398377 -0.29681761997621425 0.9280831171289169 0.7831270764801009
-0.5482944240691827 -0.836264968933722 0.005841769331653004 0.1007889589280665
0.5156120108215728 0.1299319453270725 -0.846913185562757 0.9031520457041373
-0.1622372222363623 -0.9830779995900583 0.08506897462082495 0.14911434704348148
0.7143226729308865 -0.5362681686752158 -0.4496215855612407 0.7706927800706105
0.1592650983140659 -0.3371937534727324 -0.9278658313991204 0.766459986542726
-0.7469363037512391 0.5061804190633892 0.4311235803052858 0.47627608234618246
0.5428874890881932 -0.6862538798295644 0.4840751869393706 0.09612472291172913
0.08614179126228004 -0.5727607228511533 -0.8151838726061441 0.6022602385192638
0.792162876784792 0.5647971228462972 0.2312621600448003 0.7899014359056404
0.04056965189596757 0.6523538476013497 0.7568279598857027 0.15007711258236667
0.7293871330819589 0.6445867176915417 0.22913396402568856 0.4255762135997171
-0.0009599822425839858 0.9965243537694449 -0.08329640315454186 0.6289138944235014
0.5805007080863396 0.5703655135353365 -0.5811214235259533 0.30723253869379274
0.8956904490822715 -0.34301391721219954 -0.2829842257468446 0.4152989989462632
-0.8159091070095695 -0.028802710837507087 0.5774623216689186 0.724886854098032
-0.39791870330725115 -0.8998395942207463 0.1787439795655183 0.15244352103517944
0.8876216133100939 0.000606009630146563 -0.4605730173784761 0.9437502827231049
-0.4833949470887124 0.3254523139449814 -0.8126562105078371 0.5716228953095084
0.9037751512262883 0.16865323663126555 -0.3933783951867441 0.9827325578944208
0.2690143092776191 0.776269436236424 0.5701202186987144 0.29570202748844954
0.4514978694651383 -0.19040892551401892 0.8717190573533642 0.02998894419803888
-0.5634114690769308 -0.5943676675804633 -0.5738419575523686 0.8871647966591608
0.2636089835759637 0.3658731274898728 0.8925509275995553 0.27005609258650654
-0.30722022956541006 0.13411367032720156 -0.9421407824614872 0.9266734057389706
-0.3023711888683388 0.03023178532861146 -0.9527107133323273 0.7967798778316709
-0.48791231656739203 0.7992590119686998 0.35089400554677325 0.025362052012579794
-0.052968392130472206 0.8862656404837254 -0.4601386355578984 0.941646915561277
-0.2743104302106099 0.37686617989748267 0.8847178478628925 0.4237414829701295
0.9825965237368752 0.11453529933774968 0.1462386294582266 0.07957282498224905
-0.06236870967417359 0.7901386659542596 0.6097466954544335 0.15523411473258553
0.0419126541174522 0.11872110164775336 -0.9920426550548996 0.34864321555383415
0.8484148196579742 -0.5215303202703996 0.0905451203731146 0.8784174452311725
0.369511476900201 0.8453220541785834 0.385865123013641 0.21916911304575126
0.4310307562886368 0.21651363072637347 0.8759762181948375 0.6186119119662233
0.7186286694271853 -0.6950564303606223 -0.021665504648241275 0.7414732912766604
-0.836882373044451 0.46302471413222784 -0.29195206419934244 0.6116767887631185
-0.39343554909321604 0.6206715446125438 0.6782147907691181 0.6496900135468684
0.31148485380102947 -0.2819464081369956 0.9074598662151391 0.598571804502191
0.7209511319906848 -0.16260996534117286 -0.6736374874167059 0.8049798088290497
0.459002769470176 -0.7607215364371107 -0.45893267656538717 0.5280268382126746
-0.5577164159275335 0.514310284597635 -0.6514885498318803 0.14414686242455688
0.42821873347104766 0.33655925334868236 -0.8386635709805388 0.5407843747763227
0.6692947427114002 0.06414761463966627 -0.7402226900838162 0.8694275355742243
0.5924045786407719 -0.5288965656373934 0.6077213490263608 0.11528805061378067
0.06725382005162087 -0.7743696305002289 -0.6291491071657044 0.37959459954111874
-0.7682457667319027 0.05496218941652718 0.6377911881117931 0.8996067834939886
-0.8147908973947131 -0.5761765427598197 0.0643147346730111 0.323282032222698
0.5883206582115674 0.4642465702896775 0.6620830197911586 0.3808133664445622
-0.5560967485670429 -0.8087463517829336 0.1915352309914765 0.10909300801206112
-0.7231131261899215 0.6606448534009689 0.2016327959600098 0.2878042891106758
-0.4063352065755069 -0.10391072549211115 0.9077963764110006 0.018147299520487548
0.8168532469278489 -0.1645006761961386 0.5528926663597952 0.8826659960988749
-0.3754990419820787 0.47478062144271826 -0.7959797930682709 0.581767617086304
0.7239533472550219 0.07786392713381296 -0.6854405589469813 0.22217297873559105
-0.0045713301405611905 -0.772036492227403 -0.6355617653776486 0.5807910489590238
0.8360341209066977 0.5470352913367016 0.042418612800692486 0.4544518270432172
0.4134033366205366 0.1578957448052426 -0.8967533747042188 0.34567862302841157
-0.5722311376734187 -0.6659728459743212 0.4785725582415358 0.5340797523369556
0.6176113230122721 -0.7588425921071268 0.20667407696943443 0.21702730739411036
-0.456380975835984 -0.8845837551290326 0.09606240188968003 0.15854301086814127
-0.8878529602937419 0.05115322405672083 0.4572750469534086 0.22323698593306807
0.9913151445038463 -0.014006565826242299 0.1307597047682247 0.49612831451106076
-0.47908238486243115 0.7283099604324622 -0.48994353761366294 0.28376025647579073
0.5897650869954764 0.6257039725883075 -0.5105601637891748 0.18282778954237522
-0.7157575072163137 0.13670402769528456 -0.6848380828162051 0.9105591024569317
-0.8883661866212323 -0.43716028650958594 0.14034387185376743 0.6061855918495257
-0.7994968288934545 0.5987541816450982 0.04794007250535981 0.024858232021221505
-0.1349247578295594 -0.7937917738379202 -0.5930345095455095 0.8590230886059683
0.7397613812070474 -0.01690308077616329 0.6726569591812129 0.08917711604700762
-0.46134660154777474 0.1595562378628887 -0.8727549027071462 0.2546867991820243
0.6348077504304978 0.3029892217906691 0.7107859392757117 0.12141217751129318
0.35452423846492737 0.9039575774800863 0.23910931068696784 0.5723765687137613
0.5225725744515235 -0.5899507066392041 -0.6155290961173248 0.3161726126831428
-0.629780828351809 -0.2384887482521494 0.7392558590891467 0.44484516683744313
0.3363820507745609 0.7357331831175279 -0.5878297365534098 0.3187646707423484
-0.4071649702545655 -0.00951032546440579 0.9133051191727548 0.7154223301280491
0.5134383210720125 0.6358218345867036 0.576291319661811 0.5631000959670683
0.9761905156575607 -0.004531718998959783 0.2168675648019783 0.8792722305830506
0.7565812159586152 0.4785017404022381 0.44566910156596296 0.2698488003643452
0.22621732042430565 0.8530083013727625 -0.4703217640394728 0.6061227231059594
0.5314176677288893 0.5076531920455869 0.6781471072204868 0.9108577367484862
0.12874300760750895 -0.43346805531166344 0.8919252676185923 0.19810447175612078
-0.23587840592316836 -0.025296763288529964 0.9714532677315307 0.016828238709815424
-0.2519957403419044 -0.7503324707783737 0.6111459155923046 0.18056175237465277
0.8046686943162457 0.5801324130623576 -0.1263118193275457 0.7175029337414247
-0.6376692069310329 -0.6723120232046362 -0.3759980398704707 0.9162114458460539
0.8615309026310244 0.4797036926474883 -0.1662794968483377 0.9522439609398264
0.8775247561905307 0.3389891655132178 -0.33917052928785224 0.051171231991961275
0.8158513383507703 -0.18444534158279113 -0.5480570314115718 0.7250790820718344
-0.9668562487072561 -0.117932718616966 -0.22645279467329213 0.5389071091642734
0.4929241044306753 -0.4877411151752767 0.720509841597458 0.00692852258461496
-0.9731948504207945 -0.1468697354992177 -0.17697758024347932 0.5402640595586896
-0.5848296607157989 0.6464464703333428 -0.4899808454833781 0.3357461446434872
-0.784134454009021 0.18723842376983102 0.5916713029209407 0.8987279700569053
0.7356642548434907 -0.12847054822326753 0.6650514434123008 0.6507854630473887
-0.45854259275465653 -0.4358911667199067 0.7744272602416548 0.7889217821986837
-0.3814974629944218 0.6012156955021142 -0.7021391409191834 0.3264002650677428
-0.15751335286929127 0.022803657895697434 0.9872535322066213 0.47000827633075126
0.5235760900345708 -0.5192278837569172 0.6754779660902525 0.5611053615605174
-0.6515315702301504 -0.5476012468228979 0.5250137974105463 0.11142715311565687
-0.4601270174835499 0.4380626055692776 -0.7722592060853328 0.806024240671888
0.18542432939783962 -0.18559291104219902 0.9649731029610328 0.5414447476215342
-0.3179203173341592 -0.0161233535727883 0.9479803317029917 0.20022744802182968
0.6832067597264107 -0.6891477864393913 0.2414619057114924 0.5816507885917065
0.4126620547875311 0.5075846268191899 -0.756351687481 0.8332283982821778
0.17632521608746754 0.37013601946937885 0.9120903163958444 0.8741498952988099
0.30290962899043045 -0.8042078993618917 0.511366220304796 0.9128269270441565
0.7204694257023646 0.6700297204183479 -0.1788406564073607 0.3811921704365675
-0.8080069485403879 -0.5891661439426595 0.002833009387306304 0.5997031064022968
-0.4208380139957722 -0.6270280392136427 -0.6555388653741201 0.3923103416064577
-0.5930085443567842 0.77415210361867 -0.22142580423843097 0.7322601994547671
-0.28941064269787725 0.22106040284375927 -0.9313290386258535 0.1369061843001127
-0.9378378118473509 0.1966570911521212 0.28598291412068466 0.7617531450127165
0.43945588408002734 -0.8981716365104115 -0.012893305070882238 0.1654903068338317
0.48992996257969157 -0.8706365861508312 -0.04427828612636932 0.724887252154474
0.7793207117241758 0.5919694099060683 0.20550290998714665 0.6679614758427155
-0.5968799327745299 0.22393291952178612 -0.770446879028997 0.24487196572943448
-0.6601839091948558 0.5349960324017353 -0.5271967861762813 0.6663831923194229
-0.464091922701293 -0.7430718244722566 -0.4821441184530709 0.7262124019730292
-0.4720358919279178 0.8568828962930359 0.2072047749745972 0.44932383056948855
-0.7059192342957947 -0.40895309411354225 -0.5783039006147194 0.2546980339303443
-0.33459946076148445 0.17831010533465072 -0.9253370776066793 0.6604015451299448
-0.47477288395538497 -0.42475201274890895 0.7708284091329519 0.3555487022227122
-0.6162132424924476 -0.7558668206036596 -0.22123876081613494 0.36602139766185304
0.8861660064164546 -0.3165159135123672 0.3384190975186592 0.014843106048736177
0.8606958903192162 -0.49181664328026103 -0.13160157210363457 0.01872758397156249
-0.17372687895937275 0.7352647860579489 -0.6551371351939944 0.15427804468652961
-0.9309956039394687 -0.1331714561095416 0.3398713708493973 0.5557807295936681
-0.846407458607123 0.4155213184238341 0.3330712355481184 0.8797004193445207
-0.3481130160315049 -0.705004757576135 0.6178880318184392 0.9675671983859968
-0.25258993196305957 -0.826416947183552 0.5032229681549872 0.621676442699074
-0.7196598474874221 -0.46715937236532157 0.5136650900398227 0.653321899507576
-0.09642049118477364 0.737243383733047 0.6687116583562263 0.5992457728225782
-0.21150159329433812 -0.11495817138994632 0.9705934755934824 0.46584284304837675
-0.73614870693016 -0.43911233682642936 -0.5150392576608951 0.9534149341282504
0.720835057149859 -0.35356026113814504 -0.5961476009577547 0.5127271220392267
0.599787233777901 -0.7606748962442609 0.24825184071993628 0.551333992632727
0.8460795820535596 0.44667399397525653 0.29091525215819547 0.22119929330174826
-0.5093719967991104 0.772526069859605 0.3791353851385538 0.5563357545101358
0.8768422559822739 -0.4663747569508474 -0.11680001799209641 0.4297500300846765
-0.4011244254307827 0.9111844516664245 0.09403238997378441 0.9496239466476853
-0.9070672864295537 -0.07914943133527041 -0.41347830101303895 0.13420075232186568
-0.32117197533236486 0.19249767301102166 0.9272503481511606 0.7466357181171588
-0.9553047912141369 -0.18432718903707895 0.23111954323467176 0.08574277241835226
0.04645120427857063 -0.753962515120829 -0.6552730815574099 0.1863224838621237
0.5438190253253189 0.8266149681533272 0.14480525584071258 0.13063638075346162
0.20479712711173675 0.10935321363991782 -0.9726767250188532 0.12637038079183116
-0.6890119471159737 -0.6602118053061572 -0.2989697457366542 0.33213797597854333
0.6341334115990637 -0.23725172699627628 0.7359255630367902 0.6088516537223281
0.9822101547571865 0.18505522482869502 0.03190259637497881 0.10751485726763299
-0.17903476785645342 0.7532572965902676 0.6328901935028757 0.16909480543964306
-0.567705073301409 0.6025428759584531 0.5609394195272409 0.7599801488251715
0.5338898419670789 0.6162607129778018 0.5789510948987476 0.8870829578802207
0.40140792452737123 -0.5955592549389067 -0.6958310513215421 0.37192560371846595
-0.5948219296343302 0.5003485241315758 -0.6291567582291759 0.9269642831663885
-0.4464540813637391 0.04367779936479472 -0.8937398967688018 0.12457811952249254
0.7480143023429031 -0.3246974606798785 0.5788317221079878 0.8661469523446826
0.7800039692399928 -0.18366554378529623 -0.5982146571222636 0.6319764025044484
-0.7278232650301631 -0.6638484342146723 -0.17198415994376018 0.3114455359260653
-0.19986284069774793 -0.7123395986703431 0.6727756989327134 0.9469356447695296
-0.6168386129137194 -0.762284362563466 -0.19604253673600805 0.7865037180907015
-0.19930361051365067 -0.9799274953926264 -0.004491615495251019 0.8543566132053496
0.026053211417806827 -0.38552079013011126 -0.9223312585791905 0.6781709602667274
0.3443481089994926 0.01856257546698186 0.9386585165119987 0.06452325095240152
-0.9566627017527288 0.282445886002453 -0.07085757937905224 0.202061150628419
0.4388465988894817 0.15190789266298166 0.8856283954288201 0.4326393786100353
0.6768999754973217 -0.7359660471338119 0.012664937345163777 0.8018640012119459
-0.1069451869613542 0.9930635600243433 0.048861976398611576 0.9244270071769544
0.6083992840010102 -0.6783261614017285 -0.41197564246573387 0.3828449035844109
0.9197079395939617 0.376235297625052 -0.11217979617033563 0.9164051486072323
-0.3394356722898081 0.9375050277905899 -0.07660122221303915 0.2177134416872989
-0.48952193434049646 0.33808329182990293 0.803783530302155 0.6160070548751782
0.7696539000041223 0.24558065056645356 -0.589341173070236 0.6720705700103131
0.553058809131265 -0.1507501476506459 0.8193902285392566 0.3470559120371345
-0.8400201641639538 -0.4112977968963443 0.3538364679709789 0.07449735612150055
-0.2104255919838354 -0.9001096059724012 0.38147577573741315 0.7187226785828666
0.04670492455806344 -0.8473942857682593 0.5289060166696227 0.504244975182847
-0.13523344564710962 -0.15911053574043882 0.9779548826989928 0.6752431705094515
0.502623060879439 -0.8628441859974673 0.053572094998719386 0.053954795138147715
0.5878683255555122 0.00025362720367425474 -0.8089565918402544 0.9622666026836751
0.6495787854900107 0.43847029828074807 -0.6211209213727343 0.9825095855632859
0.2135804187179244 -0.8506522692667239 0.4803895518552098 0.5382544832780106
0.11269354181433043 0.4707916127998341 -0.8750173843705465 0.010550224235195693
-0.950030130761729 0.3104711989773849 -0.032409647489556416 0.24064986644588782
0.7203911932942577 0.3099869392739786 -0.6204390591376612 0.13913883060671406
-0.7414008912939828 -0.5364420286397874 -0.40318068939039925 0.7531486201081208
-0.7993690214960533 -0.16030242091065722 0.5790615695438827 0.9534397891044039
-0.834468546128116 0.31993242963077 -0.4486707991315914 0.8379335259771289
0.17013554854491242 0.9749837786262715 -0.14304029689901873 0.035522811706235835
0.22454257769254624 0.3434965888488924 0.9119159633718239 0.13978328312610977
0.6134279961130651 0.2474477829805719 -0.7499837920133402 0.23973131294615269
-0.8544629678054695 -0.12085658473971407 0.5052590648114306 0.8245106648262082
-0.36171510431468135 -0.47417247202589907 0.8026971098013665 0.23569674206622282
-0.7336484802648365 -0.2193219363767227 -0.643162340027042 0.4680798162943337
0.7668206938202643 0.26524209341145605 0.5844935033101026 0.05206252529235478
0.03957556608202127 0.9063177377601145 0.4207397447243083 0.9015703653870064
0.5089636177982763 0.7512384537331107 0.4202342458562544 0.06992155173851333
-0.5378864722131295 -0.40904499199923133 -0.7371297969356979 0.08988544059753911
0.7390335346522133 0.5079105774582393 0.44255652742389145 0.32783522499875706
0.6885798989547344 -0.09925912280174418 -0.7183351232510603 0.6242610172077578
0.9023038382155781 -0.13753753393540302 -0.4085721604568814 0.9773766716465769
0.07757210921122477 0.6369389704359791 -0.7670015096546271 0.3992510121449643
0.33847544973347765 0.36204207173999403 0.8685389503171018 0.4170007773995583
-0.6680386094583819 -0.7147148143554803 -0.20714041231426283 0.004059362899182628
-0.6510269281868089 0.378416039291895 0.6580009422351025 0.6771367055964387
-0.25312351712015063 0.9656238625851823 0.05915269298009856 0.5093323590077118
0.27722370046343897 0.5535043906320243 0.7853533659776528 0.7890172536866065
-0.57553541880024 0.3351408562180016 0.745948783898665 0.09879972766068479
0.6195992977896284 0.5366330465275411 -0.5728190670300434 0.29397764026888407
0.796494425542938 0.404943488069608 -0.44901826415976026 0.11009697528669093
-0.5212009978560451 0.6335579480909129 -0.5717987812549925 0.13608770828277028
0.7726923023903322 -0.1279610206010037 -0.6217496144216554 0.45700327794467543
-0.726806641816044 -0.6098747853619826 -0.3159190586079925 0.1600846560029684
-0.20998120834020004 -0.8868572511942956 -0.41157272522372956 0.9479980928198957
0.7226139843861626 -0.4382925882202361 0.5345359077562154 0.9540392739315016
-0.20531864771136746 -0.323271524749117 0.923763916911868 0.5065778001977472
0.840632375138727 0.37290899833486546 0.3927799496276635 0.10855754297663367
-0.921184267143897 0.3837931133527727 0.06420585728379628 0.30124685334952994
-0.5212611365615825 0.20987014097561002 -0.8271888245360939 0.6403306140846297
0.9423821247299659 0.0902500541272726 0.32213484555300664 0.27009781089174556
-0.7117968950164634 -0.515437398548326 0.47714721881475536 0.03168818983605204
-0.36620544478258815 -0.9028479699965343 0.22529783683986776 0.9468116140672731
0.09957583341591891 0.21870608954368476 0.970696811468975 0.6234100767194044
0.07470088529867022 0.007373874820173936 0.9971787220482251 0.9613551175650724
0.18473057991241193 0.8898583600391399 0.41716508951933723 0.4727008050556768
-0.08225561413097596 0.598062028731818 0.7972175510694168 0.9022178851546924
0.2476400686639396 -0.16175486631432823 0.9552537671298413 0.46450403048781286
-0.8993425182544146 -0.43285932908085584 -0.06177245411572349 0.8545445946446847
0.49475602408633035 -0.5962497328753629 0.6322204779001902 0.7447001896527443
0.5016444005137837 -0.8456438156492302 -0.18231684641682788 0.5390575503029952
0.5910482714417669 -0.49541406551239137 0.636574304004005 0.5674120321333266
-0.5747609201909316 0.4822229438873152 -0.6611436432500315 0.17178915943332795
0.566698877665998 -0.3590717370062111 0.7415658229283767 0.5378311169936117
0.6178789378309184 0.7729975277987645 0.14387647549872154 0.7129515127115543
-0.11019236709014234 -0.9457385018100224 0.3056735651462284 0.2259449001352949
-0.7320355407903764 -0.40199384174121316 -0.5500226524624978 0.19424148234221328
-0.6506649670726542 -0.3449157473443722 -0.6765118091047746 0.25680783567698573
0.9387615761741456 -0.022200065996411115 -0.34385150889415794 0.42418059199691605
0.4120923162097615 0.7775094923111052 0.47503569580295874 0.8475331205652604
0.36149588556436096 0.16792781756383468 -0.9171264759062874 0.5364122214645831
-0.3056104015508338 0.6952061766347674 0.650607911443449 0.9088264064118625
0.7195426502747838 0.670560120938198 -0.18057546522960813 0.2956755258877517
0.35601890106364065 0.2908399429174517 0.8880668160049734 0.4584603769060537
0.8206392837471681 0.28868294121635424 -0.49316663048264914 0.03970759087516984
-0.8871329625958396 0.35316793925616957 -0.29709849100505203 0.3246836984888729
0.02174664611880916 -0.5877497799469394 -0.808750443310486 0.831681337710114
0.3756586266942656 0.6864414807802223 -0.6226384903412528 0.4824251457546418
-0.012466312657432744 -0.8751267188260369 -0.4837332085411353 0.7599288890953717
0.25012968852371203 -0.07978227275941373 0.9649196484020693 0.4755195164196224
0.7863083064929421 0.6103985836486187 -0.09556576908057283 0.6177974965949269
0.5537915872620003 0.798211915704835 0.23700762752420368 0.17089554437223442
-0.9266811165398212 -0.02738335348833053 -0.3748496501268789 0.006671687689452255
-0.45306325734403075 0.8557960810630054 -0.24969331685493376 0.01902340130967861
-0.2701316733404713 0.896148085023231 0.352061768397923 0.7047045652300733
-0.10235896624395337 -0.3664608425669259 0.9247859713980353 0.16289650482515672
0.6021628045786801 -0.7248946035565907 0.3345560797780717 0.8416187824661481
-0.5395882056398875 -0.6609767832625746 0.5214923396582026 0.616351061878683
0.5189451461495604 0.8475544558530619 -0.11111876372346559 0.011184890953036986
-0.6274952151005191 0.666128041085747 0.4031416474456824 0.31186084522087354
0.6798918208448254 -0.6822369164543642 -0.2688864105438369 0.5530068977161159
-0.27915089922294567 -0.6596610011552935 0.6977980646417821 0.7652103330799817
0.2842467993124826 -0.34243322986380365 -0.8955128364047342 0.7590014248676419
-0.7517017675790062 0.3898463818134211 0.5319438421540209 0.40465999936459884
-0.743408966549664 -0.07918705135616917 -0.6641329078965114 0.815765340924883
0.29107753469054537 -0.2879629633761312 0.9123328342891707 0.3563050001520096
0.7506173974375758 -0.30885341867748956 -0.5841087984573315 0.2982141189876747
-0.7382283747548205 0.4798088820106857 0.4741332127688504 0.5224454268396173
-0.42891898075412793 0.8783638080587115 -0.21096333482726037 0.4357147414875743
-0.33157183181010647 -0.6951304759457749 -0.6378508773698526 0.5191029101361465
0.7893659024441514 0.12727105369365496 0.6005860062890556 0.17421337680036775
-0.5244037341852734 0.5792562067576419 -0.6240696840139643 0.2513689305926222
-0.7080927965623759 -0.4381622298382213 0.5537313895741072 0.7470106886044661
-0.08362605047988422 0.6491197848242563 0.7560755178094626 0.006510581403702642
-0.9640945618946194 0.25433707426304447 0.07638277541786995 0.14111958483628562
0.7449906704210791 -0.5023462861527731 0.4389044426456256 0.47908280280792026
0.005531825530839602 -0.2846574863729725 0.9586133289069777 0.2597024264873862
