num_stars 50
-0.009082634546236668 -0.8621140241098314 0.5066329195609506 0.24247975418376266
-0.04274573738921117 0.7493030747229935 -0.6608462030954863 0.31737891751820513
0.3102937687045956 -0.7293932845788882 -0.6096746784263884 0.8252738498040315
0.8000796224384605 -0.3013061998944114 -0.5187361291291746 0.9723752503414661
-0.7531786622289759 0.4569085822890646 0.47324037253130413 0.6349887556504961
0.6381444209602388 0.7104417674618593 0.2967224174931696 0.8249037141670215
0.8792425596485429 0.4282781218921747 -0.20859139869896418 0.2272211040366383
-0.44218372140010465 0.8132185055473394 0.37835065582618765 0.10579514653289779
0.8084569819550189 -0.45049104363604514 0.3787547068115315 0.4599922159807449
-0.6073249678665213 -0.7666063032719492 0.20849738413142035 0.41176567735033565
0.3151317029709301 0.4962972906601659 0.8089381985454887 0.8531850128548369
0.2597593592176078 0.9656397062184481 -0.008064308600690885 0.8875502088481517
0.5397077846631747 0.5441281780659141 -0.6423706352322133 0.5704360889387191
0.03875406805643415 -0.9502929444151557 -0.30893598366627845 0.516730630027022
-0.703263712961768 -0.7000214412543717 0.12405697003949535 0.41095001602709413
0.7055832507525442 0.516652480798278 0.4849974127172818 0.8028165025430908
-0.5132934981139973 0.42026113599768883 -0.74827158329301 0.13685692292556995
-0.22715765970646182 -0.46604748964283743 -0.8551018272897636 0.5178716484245005
0.6841571675379833 -0.6187426834115846 -0.3861171607569851 0.9263158013081657
0.3037137599321788 -0.3744409019057513 -0.8761004297498469 0.8209733619598863
-0.17455252699202534 -0.5673008232026439 -0.8047988514618426 0.7752046196077584
-0.9543907279021314 -0.11205047096778559 0.27673639162628577 0.008835653271123123
-0.655739885845024 -0.5484502597460628 0.5188521125488759 0.5194689027299084
-0.01037489143250573 -0.9426573825392169 -0.3336006906049145 0.9264866857852798
-0.5871794128398719 -0.6241131802467326 -0.515463941880839 0.05016275481979682
-0.7616256852692767 -0.403304780703792 0.507219448956338 0.9584017571471027
-0.8817628916423396 0.0002900060105684202 -0.4716928225222995 0.8992930107381696
0.694992620634597 0.27683723812678945 -0.6635860161650383 0.49405936452860943
-0.23625639239308893 0.13858328017984944 -0.9617575533927436 0.026788246054016307
0.2759777571195847 0.8582659885588733 -0.43268437741418775 0.3780482882711268
-0.8202366160212035 0.059770682046163245 0.5688931000687397 0.48035360339707434
-0.5830278950464705 -0.6018692578437062 0.5457397457216656 0.7115459726050621
-0.5436461639564406 0.032392747124317105 -0.8386891905522491 0.5596839865169142
-0.9205848146813045 -0.38940568375750306 -0.02977939615807548 0.4655949044989801
-0.5642197683974618 0.4509912400534308 -0.6915655820994733 0.7823644896146416
0.579877641404524 0.12870856774155215 0.8044725138803963 0.24903296901327232
0.7234707756761746 -0.6839873334946003 0.09354872720385235 0.18475876928615187
-0.8350531730647006 -0.4846443091627962 -0.2603960286768818 0.0015945563605523905
-0.38610228066013025 0.7496344834116093 0.5375622476971906 0.6665328401038907
0.8739382728788213 -0.02753595869279154 0.4852562891673345 0.8933789882717365
0.07230311349789445 -0.01566793612586433 -0.99725963297231 0.9370075894180505
-0.3777834400033843 -0.6923936505997016 -0.6147118878535112 0.7830284870584622
-0.6924856714985795 0.5712653045519758 0.44058999827992 0.9413138146391079
0.5082431290607333 0.7290862414258421 -0.45839085323127193 0.038266907304608244
-0.6754899791278025 -0.4380855230150451 -0.5931225527853037 0.14578946014713634
0.632167805745613 -0.18569721652634336 -0.752250230410829 0.4983800274245167
-0.8503664032074906 -0.40961680018815877 -0.3302893538998335 0.05731687771693239
0.7275501643882226 0.6463853704155186 -0.22990587467801446 0.6240664187486755
-0.9506457197969788 -0.24457689354519918 0.19093155468770587 0.4233451692733663
-0.8327634167125578 -0.041892599107463645 -0.5520417574108393 0.6263178955059125
