num_stars 100
-0.7905196781568297 -0.10055884339252386 0.6041246208046649 0.705513226934028
0.6024652935232078 -0.17268245747084865 0.7792408735313002 0.5329014146425713
-0.6787470874641015 -0.07122036204951072 -0.7309104263099111 0.9329624000750505
0.8712567516834313 -0.3208651425379214 -0.3714259454455966 0.7680181487450805
-0.551754958473354 -0.5990969711799439 -0.5802148609981347 0.34700445361481724
0.22534608848374144 0.826512387401966 -0.5158453391048331 0.9561006461166511
0.10759191286156385 0.7790789895433803 0.6176244071754735 0.16042180997493383
0.23262204509444 -0.5886796679871056 -0.7741726116536749 0.3955161806017494
0.6563296117672889 0.15876106349503236 -0.7375814296979868 0.8411747144619733
0.8394819039633648 -0.5331250615485917 -0.10510852328357752 0.6377998063140823
0.7294775871833422 -0.6769741771528665 0.09781826652199864 0.9685239944790129
0.29723666209582106 0.5920311777325005 0.7490990931103862 0.5071130373622724
-0.911757801124696 0.3921094277891014 0.12226164045669749 0.34326827930271964
0.9317822080693797 -0.3604332093980989 -0.043241395541048076 0.7615016181911767
0.5996365402959769 0.7460753992298864 0.28949528183691864 0.25253291606751593
0.6007906039969876 0.707890398651448 0.37140521488803696 0.7669579080335924
0.16156741767295293 -0.077554352776345 0.9838095811242823 0.14718865646585277
0.3362101438812092 0.6903597535278654 -0.6405982749432921 0.7538770308729308
0.3310045587623931 -0.6084412627414135 -0.7212733267438548 0.5953635341405692
-0.7798013254303955 -0.5279355557043957 0.33644307375853266 0.6508305207214754
0.810591707591003 0.22228519201514704 -0.5417844377568364 0.01252727724286462
-0.781427121021301 -0.6218934445077521 0.051187871714349305 0.7201063081299326
-0.5427388300023644 -0.2055509299613697 0.8143607171270483 0.40060947595683594
0.7312507229212183 0.4063701598556424 0.547846395813731 0.47671096723338546
0.11371822352698352 0.5065340363333776 -0.8546879171216143 0.7987538611432622
0.5651684258685826 -0.6864595417190188 -0.45755649704068574 0.24879445997974925
-0.7237254023915934 -0.6423016293144879 0.2523294650116795 0.12300994434653967
-0.6883753610284472 0.7084484661607474 -0.15569243116940398 0.5405288817459849
-0.15686972113708095 -0.947813438951565 -0.2775636423114212 0.1942025617246439
0.18101445099453808 -0.5647705832563388 -0.8051508907151759 0.20868097862868074
-0.19400208821692735 0.9565728349503015 0.21755827082097956 0.9807662143491294
-0.2969913939062941 -0.7170057627229769 0.6306336877836758 0.19047913124896765
0.8912442084129466 -0.19586578986362152 -0.4090481063780638 0.2712738424275072
-0.28485473496241004 0.6362001929391133 0.7170126180714884 0.5584166518935411
-0.38343996912334594 -0.7013788360421003 -0.6008673051772047 0.2979799333519656
0.3556108324686828 0.31473030361748894 0.880048732636877 0.8210515572515622
-0.628267559482943 0.7409240316935518 -0.23730034336325656 0.7282081676302739
-0.42402328704303266 0.6399564760185305 -0.6408275593692628 0.6176379684542539
-0.30165587422925366 0.6149250985475783 -0.7286088502888473 0.8909139387085524
-0.8476044294699163 0.4013135668821822 0.3471514830434661 0.5073475345696545
-0.9293063120448991 -0.33644341597725996 -0.15230103820742905 0.21257764778625954
-0.6998401283008543 0.7069230864217434 0.10238918255265013 0.2707940270988064
0.30796285197972795 0.3264671546350862 -0.8936319593350401 0.5846011404380272
0.18960610504584957 -0.8739138195921553 -0.44757587161864737 0.8631921120828582
0.25744160200707666 -0.9019206526824187 -0.3467895007363251 0.45839381538332935
0.35523937909412384 0.6153183303358898 -0.7036961957361102 0.04666225543471203
-0.09835948874233545 -0.8075369008782223 -0.5815578773383974 0.10622172571004096
-0.6968659685086002 0.21222513884100658 -0.6850827047725596 0.5666602837802103
0.7248027472990102 -0.5590282619387767 0.4026765201269099 0.5842024471364031
-0.5442785745291354 0.7424032059809309 0.39063834048614304 0.3794224613562851
0.6000799765362774 -0.6116089822292523 0.5155952624071705 0.8424520814650097
-0.6066576407789639 0.6562158665051873 0.4487173313249086 0.9146228941854078
-0.5109936262013799 0.5576022229752633 0.6541905493926132 0.3482968526250293
-0.6914145527107061 -0.7223913880777193 0.009828465343080427 0.548007980651612
-0.6264118746733757 0.2187382873064157 -0.7481722561913419 0.4780793290595017
0.01963382845677854 -0.5479289189345298 -0.8362944532731083 0.9030290147007535
0.5927912595924647 0.14822501619819048 -0.7915982990910384 0.5253325739805441
0.8169103807823435 0.4711841102636064 0.3326303714412443 0.039582572376439584
0.13973949493694662 -0.4768377546575429 0.8678125542350261 0.010944680227551906
-0.4585587185268972 0.6284375379868185 -0.6283232945801357 0.30005634653376356
-0.41122161679548935 0.8106587293736733 0.4168083568864295 0.9339353339420661
-0.5729784689657942 -0.7659438706141057 -0.2915915999652538 0.7661268535804806
0.23876575221538074 0.87228964417135 0.426733748654173 0.08189928596901763
-0.4408300377450827 -0.7063815293704855 -0.5537996142883118 0.6665321224239749
-0.10229911783803758 0.46587223263293387 -0.8789186272637329 0.9087650740088764
-0.6254849920542421 0.44941619495549295 0.6378037381723557 0.0421705233560985
0.061777328128668416 0.6927762873303075 -0.7185016196517013 0.49717385367110556
-0.22222897740729808 -0.35247046117012365 -0.9090538243707172 0.1803737447036915
-0.5562344174367471 -0.6713648876089942 -0.4897677618469444 0.901831454855516
0.6463905765295419 -0.34576239052863744 -0.6801673263761855 0.2661253902378752
0.7015521961484644 -0.6373802749374735 0.31870190021381606 0.09284606367286374
-0.3881630725404643 -0.8692203276054122 0.3062441039326079 0.37025879482828083
0.9415927741970228 0.06253105441791952 -0.33089713630271483 0.021491270261837836
0.592046913011391 -0.8059012580519749 -0.0019013321452702088 0.9878447581037548
0.5395486995694538 -0.2682477204334925 0.7980791698040655 0.2582334933856566
0.3297451966733303 0.30462013451684355 0.8935741037640956 0.2885811741189096
-0.21988515566519454 -0.3769964895562003 0.8997356084875129 0.7379356636376829
-0.47320721025793433 0.8093115662988458 0.3479794890720026 0.24689300182847895
-0.0018224985755782872 -0.8126143051112878 -0.5827989959046265 0.07702294920125496
-0.7680890741623733 0.21158268043253442 0.6043773188111647 0.8346697649547872
-0.5071941233527351 0.8086621046467263 -0.29802637759899325 0.6913596246051911
0.44739908939205897 -0.11163721113941141 0.8873393871006577 0.890860987546456
0.4765052925325823 0.022173543373018523 0.8788919388427242 0.7460591506828721
-0.24891047181502227 0.9494174963850931 -0.19144188303159948 0.0395805240017556
0.7221848958406197 0.6895054241860522 0.0550567546962741 0.75037212655502
0.36592958319176877 -0.7492870645070766 0.5519641610715919 0.6279255481324164
0.9017024651012507 -0.0404173724424407 -0.430463820123337 0.7697017462962474
0.08942316551963385 0.6291282845322368 -0.7721405954034363 0.6844387548394305
0.6203268036085818 -0.4809288376350165 -0.619598345588327 0.49062416414572907
0.751510475786946 0.643518470990809 0.1453133933129677 0.3388423518250362
0.39602782423426175 0.9181617130887615 0.011875649463814024 0.3954801509658137
0.8189520798686073 -0.5633228794609864 0.10947522256047418 0.8395624700749507
0.6870741354751269 0.5861904796017074 0.4293132352786567 0.44987405365861666
0.6785773712178357 -0.7260350635808664 -0.11138149631881841 0.4506381662228802
0.5081133723381565 -0.49549804597434055 -0.7044873932773787 0.4478983170479699
0.3405419154533995 0.0716981005153124 0.9374916459370856 0.47276920185052607
-0.8535084606713976 0.41123819672005224 -0.32001008284237054 0.025001041497206944
-0.23277265655412188 -0.9156228620019867 0.3277982076522501 0.9033422975667047
0.3723238836411058 0.7316334196761736 -0.5710406858388922 0.8355117731058258
0.710322632887693 -0.7002640746649813 -0.07121785549350121 0.17297356881191728
