num_stars 10
0.5600703368304418 -0.5577826866572646 0.6125354620493733 0.20609823213950174
0.6584446004523772 0.6800220060500596 0.32252252545018034 0.16022955651881965
0.06792699885143719 -0.5660008936384754 -0.8216014308820817 0.9528169091459117
0.6499338486201485 -0.5961213468561778 0.4714078194516703 0.603190610968185
-0.3915035600424417 -0.7155280499229922 0.5785711470921224 0.45683115105830563
0.42041528123694516 0.3660934162246032 -0.8301967248185577 0.7678378139439905
0.7067684914981538 0.6876858434888925 0.16603156353655915 0.0442606328646209
-0.6543625813592696 -0.4829461969962267 0.5818699020603446 0.3028605620290723
-0.29144404568308024 0.8670012037251066 -0.4041896596587978 0.5489821840124055
-0.14287129149191805 -0.9715612670590633 0.18882928379363928 0.8440678976619022
